# Exemplo de figura com dois objetos 3D, contendo pontos, linhas e faces com cor
-10 10 -10 10
2
# Cubo
8 12 6
-1 -1 1
1 -1 1
1 1 1
-1 1 1
-1 -1 -1
1 -1 -1
1 1 -1
-1 1 -1
1 2
2 3
3 4
4 1
1 5
2 6
3 7
4 8
5 6
6 7
7 8
8 5
4 1 2 3 4 255 234 50
4 2 6 7 3 0 212 65
4 6 5 8 7 0 50 255
4 5 1 4 8 0 100 200
4 4 3 7 8 200 100 200
4 5 6 2 1 125 72 150
0 0 0
2 2 2
12 12 10
# Piramide
5 8 5
-1 -1 1
1 -1 1
1 -1 -1
-1 -1 -1
0 1 0
1 2
2 3
3 4
4 1
1 5
2 5
3 5
4 5
3 1 2 5 255 234 50
3 2 3 5 0 100 200
3 3 4 5 75 40 150
3 4 1 5 0 212 65
4 4 3 2 1 200 34 34
0 9 0
4 4 4
2 2 2
